$ 1 0.000005 10.20027730826997 50 5 43 5e-11
w 144 -96 144 16 0
w 48 -96 144 -96 0
w 144 64 208 64 0
w 144 32 144 64 0
w 32 32 144 32 0
w 128 112 208 112 0
w 128 160 128 112 0
w 16 160 128 160 0
w 160 160 208 160 0
w 160 288 160 160 0
w 0 288 160 288 0
157 1344 96 1360 96 0 7 0 0
w 240 16 240 -96 0
w 256 64 256 -80 0
w 272 112 272 -64 0
w 288 160 288 -32 0
150 608 -304 640 -304 0 4 0 5
152 704 -176 736 -176 0 4 0 5
I 224 208 224 256 0 0.5 5
I 256 208 256 256 0 0.5 5
I 304 208 304 256 0 0.5 5
I 336 208 336 256 0 0.5 5
w 288 160 336 160 0
w 336 160 336 208 0
w 304 208 304 112 0
w 304 112 272 112 0
w 208 160 288 160 0
w 256 208 256 64 0
w 256 64 208 64 0
w 240 192 240 16 0
w 240 16 208 16 0
w 224 208 224 192 0
w 224 192 240 192 0
w 208 112 272 112 0
w 336 256 336 384 0
w 304 256 304 400 0
w 256 256 256 416 0
w 224 256 224 432 0
150 608 -224 640 -224 0 3 0 5
150 608 -144 640 -144 0 4 0 5
150 608 -48 640 -48 0 4 0 5
w 640 -48 672 -48 0
w 672 -48 672 -144 0
w 672 -144 704 -144 0
w 704 -160 656 -160 0
w 656 -160 656 -144 0
w 656 -144 640 -144 0
w 704 -192 656 -192 0
w 656 -192 656 -224 0
w 656 -224 640 -224 0
w 704 -208 672 -208 0
w 672 -208 672 -304 0
w 672 -304 640 -304 0
150 608 32 640 32 0 3 0 5
150 608 224 640 224 0 3 0 5
150 608 96 640 96 0 3 0 5
150 608 160 640 160 0 3 0 5
152 704 128 736 128 0 4 0 5
w 640 224 672 224 0
w 672 224 672 160 0
w 672 160 704 160 0
w 640 160 656 160 0
w 656 160 656 144 0
w 656 144 704 144 0
w 704 112 656 112 0
w 656 112 656 96 0
w 656 96 640 96 0
w 704 96 672 96 0
w 672 96 672 32 0
w 672 32 640 32 0
w 672 288 640 288 0
w 672 352 672 288 0
w 704 352 672 352 0
w 656 352 640 352 0
w 656 368 656 352 0
w 704 368 656 368 0
w 656 400 704 400 0
w 656 416 656 400 0
w 640 416 656 416 0
w 672 416 704 416 0
w 672 480 672 416 0
w 640 480 672 480 0
152 704 384 736 384 0 4 0 5
150 608 416 640 416 0 3 0 5
150 608 352 640 352 0 3 0 5
150 608 480 640 480 0 3 0 5
150 608 288 640 288 0 3 0 5
150 608 560 640 560 0 4 0 5
150 608 720 640 720 0 4 0 5
150 608 640 640 640 0 3 0 5
152 704 624 736 624 0 3 0 5
w 640 560 672 560 0
w 672 560 672 608 0
w 672 608 704 608 0
w 640 640 672 640 0
w 672 640 672 624 0
w 672 624 704 624 0
w 640 720 672 720 0
w 672 720 672 656 0
w 672 656 688 656 0
w 688 656 688 640 0
w 688 640 704 640 0
150 1072 -272 1104 -272 0 2 0 5
150 1072 -208 1104 -208 0 2 0 5
150 1072 -144 1104 -144 0 2 0 5
150 1072 -80 1104 -80 0 2 0 5
150 1072 -16 1104 -16 0 2 0 5
152 1168 -144 1200 -144 0 5 0 5
w 1104 -16 1152 -16 0
w 1152 -16 1152 -112 0
w 1152 -112 1168 -112 0
w 1104 -80 1136 -80 0
w 1136 -80 1136 -128 0
w 1136 -128 1168 -128 0
w 1168 -144 1104 -144 0
w 1168 -160 1136 -160 0
w 1136 -160 1136 -208 0
w 1136 -208 1104 -208 0
w 1104 -272 1152 -272 0
w 1152 -272 1152 -176 0
w 1152 -176 1168 -176 0
150 1072 112 1104 112 0 3 0 5
150 1072 304 1104 304 0 3 0 5
150 1072 176 1104 176 0 3 0 5
150 1072 240 1104 240 0 3 0 5
152 1168 208 1200 208 0 5 0 5
w 1104 240 1120 240 0
w 1168 192 1120 192 0
w 1120 192 1120 176 0
w 1120 176 1104 176 0
w 1168 176 1136 176 0
w 1136 176 1136 112 0
w 1136 112 1104 112 0
w 1136 304 1104 304 0
w 1120 208 1168 208 0
w 1168 224 1136 224 0
w 1136 224 1136 304 0
w 1120 240 1120 208 0
150 1072 368 1104 368 0 3 0 5
w 1168 240 1152 240 0
w 1152 240 1152 368 0
w 1152 368 1104 368 0
150 1072 512 1104 512 0 2 0 5
150 1072 576 1104 576 0 2 0 5
152 1152 512 1184 512 0 3 0 5
w 1104 576 1120 576 0
w 1120 576 1120 528 0
w 1120 528 1152 528 0
w 1152 512 1104 512 0
w 1152 496 1120 496 0
w 1120 496 1120 464 0
w 1120 464 1072 464 0
w 1184 512 1472 512 0
w 1472 512 1472 224 0
w 1200 208 1200 464 0
w 1200 464 1440 464 0
w 1440 464 1440 224 0
w 1408 224 1408 432 0
w 1408 432 1232 432 0
w 1232 432 1232 -144 0
w 1200 -144 1232 -144 0
w 736 -176 752 -176 0
w 752 -176 752 32 0
w 752 32 1344 32 0
w 1344 32 1344 96 0
w 736 128 752 128 0
w 752 128 752 48 0
w 752 48 1312 48 0
w 1312 48 1312 128 0
w 1312 128 1344 128 0
w 736 384 768 384 0
w 768 384 768 400 0
w 768 400 1264 400 0
w 1264 400 1264 160 0
w 1264 160 1344 160 0
w 1344 192 1344 416 0
w 1344 416 768 416 0
w 768 416 768 624 0
w 768 624 736 624 0
w 288 -32 288 -368 0
w 272 -64 272 -384 0
w 256 -80 256 -400 0
w 240 -96 240 -416 0
w 240 -416 592 -416 0
w 256 -400 576 -400 0
w 272 -384 560 -384 0
w 288 -368 544 -368 0
w 560 -384 560 -288 0
w 560 -288 608 -288 0
w 576 -400 576 -240 0
w 576 -240 608 -240 0
w 576 -240 576 -160 0
w 576 -160 608 -160 0
w 560 -288 560 -128 0
w 560 -128 608 -128 0
w 544 -368 544 -112 0
w 544 -112 608 -112 0
w 592 -416 592 -80 0
w 592 -80 608 -80 0
w 560 -128 560 -32 0
w 560 -32 608 -32 0
w 608 -16 544 -16 0
w 544 -16 544 -112 0
w 560 -32 560 48 0
w 560 48 608 48 0
w 576 -160 576 80 0
w 576 80 608 80 0
w 560 160 608 160 0
w 544 -16 544 176 0
w 544 176 608 176 0
w 592 -80 592 208 0
w 592 208 608 208 0
w 608 432 544 432 0
w 544 432 544 176 0
w 560 160 560 416 0
w 560 416 608 416 0
w 576 80 576 480 0
w 576 480 608 480 0
w 608 656 544 656 0
w 544 656 544 432 0
w 560 416 560 640 0
w 560 640 608 640 0
w 592 -416 1040 -416 0
w 576 -400 1024 -400 0
w 560 -384 1008 -384 0
w 544 -368 992 -368 0
w 1024 -400 1024 -288 0
w 1024 -288 1072 -288 0
w 1040 -416 1040 -224 0
w 1040 -224 1072 -224 0
w 1008 -384 1008 176 0
w 1008 176 1072 176 0
w 1072 192 992 192 0
w 992 192 992 -368 0
w 1040 -224 1040 352 0
w 1040 352 1072 352 0
w 1072 384 992 384 0
w 992 384 992 192 0
w 1072 528 1008 528 0
w 1008 528 1008 176 0
w 336 384 336 784 0
w 336 784 352 784 0
w 304 400 304 800 0
w 304 800 368 800 0
w 256 416 256 816 0
w 256 816 384 816 0
w 224 432 224 832 0
w 224 832 400 832 0
w 592 208 592 688 0
w 592 688 608 688 0
w 608 704 576 704 0
w 576 704 576 480 0
w 608 752 352 752 0
w 352 752 352 784 0
w 368 800 368 736 0
w 368 736 608 736 0
w 384 816 384 624 0
w 384 624 608 624 0
w 608 592 352 592 0
w 352 592 352 752 0
w 368 736 368 576 0
w 368 576 608 576 0
w 384 624 384 544 0
w 384 544 608 544 0
w 400 832 400 528 0
w 400 528 608 528 0
w 368 576 368 496 0
w 368 496 608 496 0
w 400 528 400 464 0
w 400 464 608 464 0
w 400 464 400 400 0
w 400 400 608 400 0
w 352 592 352 368 0
w 352 368 608 368 0
w 384 544 384 352 0
w 384 352 608 352 0
w 400 400 400 336 0
w 400 336 608 336 0
w 352 368 352 304 0
w 352 304 608 304 0
w 368 496 368 288 0
w 368 288 608 288 0
w 384 352 384 272 0
w 384 272 608 272 0
w 608 240 352 240 0
w 352 240 352 304 0
w 368 288 368 224 0
w 368 224 608 224 0
w 400 336 400 144 0
w 400 144 608 144 0
w 352 240 352 112 0
w 352 112 608 112 0
w 608 96 368 96 0
w 368 96 368 224 0
w 560 160 560 48 0
w 384 272 384 32 0
w 384 32 608 32 0
w 400 144 400 16 0
w 400 16 608 16 0
w 384 32 384 -64 0
w 384 -64 608 -64 0
w 400 16 400 -176 0
w 400 -176 608 -176 0
w 352 112 352 -208 0
w 352 -208 608 -208 0
w 368 96 368 -224 0
w 368 -224 608 -224 0
w 352 -208 352 -272 0
w 352 -272 608 -272 0
w 384 -64 384 -320 0
w 384 -320 608 -320 0
w 608 -336 400 -336 0
w 400 -336 400 -176 0
w 352 784 848 784 0
w 368 800 864 800 0
w 384 816 880 816 0
w 400 832 896 832 0
w 848 784 848 592 0
w 848 592 1072 592 0
w 864 800 864 560 0
w 864 560 1072 560 0
w 880 816 880 496 0
w 880 496 1072 496 0
w 896 832 896 464 0
w 896 464 1072 464 0
w 880 496 880 368 0
w 880 368 1072 368 0
w 848 592 848 320 0
w 848 320 1072 320 0
w 864 560 864 304 0
w 864 304 1072 304 0
w 880 368 880 288 0
w 880 288 1072 288 0
w 848 320 848 256 0
w 848 256 1072 256 0
w 880 288 880 240 0
w 880 240 1072 240 0
w 896 464 896 224 0
w 896 224 1072 224 0
w 896 224 896 160 0
w 896 160 1072 160 0
w 848 256 848 128 0
w 848 128 1072 128 0
w 864 304 864 112 0
w 864 112 1072 112 0
w 896 160 896 96 0
w 896 96 1072 96 0
w 848 128 848 0 0
w 848 0 1072 0 0
w 896 96 896 -32 0
w 896 -32 1072 -32 0
w 864 112 864 -64 0
w 864 -64 1072 -64 0
w 896 -32 896 -96 0
w 896 -96 1072 -96 0
w 848 0 848 -128 0
w 848 -128 1072 -128 0
w 864 -64 864 -160 0
w 864 -160 1072 -160 0
w 880 240 880 -192 0
w 880 -192 1072 -192 0
w 896 -96 896 -256 0
w 896 -256 1072 -256 0
w -144 -32 -128 -32 0
w -144 96 -128 96 0
w -544 -176 -416 -176 0
w -544 96 -544 -176 0
w -512 -32 -512 240 0
w -416 -32 -512 -32 0
w -496 -16 -416 -16 0
w -496 256 -496 -16 0
w -528 16 -416 16 0
w -528 352 -528 16 0
w -544 96 -416 96 0
w -544 288 -544 96 0
w -512 240 -512 544 0
w -416 240 -512 240 0
w -496 256 -416 256 0
w -496 448 -496 256 0
w -544 288 -416 288 0
w -544 416 -544 288 0
w -528 352 -416 352 0
w -528 480 -528 352 0
w -544 416 -416 416 0
w -544 576 -544 416 0
w -496 448 -416 448 0
w -496 512 -496 448 0
w -528 480 -416 480 0
w -528 560 -528 480 0
w -496 512 -416 512 0
w -496 528 -496 512 0
w -432 384 -416 384 0
w -432 320 -432 384 0
w -432 320 -416 320 0
w -432 160 -432 320 0
w -480 192 -416 192 0
w -480 -240 -480 192 0
w -448 144 -448 64 0
w -416 144 -448 144 0
w -432 160 -416 160 0
w -432 80 -432 160 0
w -432 80 -416 80 0
w -432 -112 -432 80 0
w -448 64 -448 -128 0
w -416 64 -448 64 0
w -464 -80 -416 -80 0
w -464 -160 -464 -80 0
w -432 -112 -416 -112 0
w -432 -192 -432 -112 0
w -448 -128 -416 -128 0
w -448 -208 -448 -128 0
w -464 -160 -416 -160 0
w -464 -224 -464 -160 0
w -256 -32 -144 -32 0
w -256 -48 -256 -32 0
w -384 -48 -256 -48 0
w -256 32 -128 32 0
w -256 48 -256 32 0
w -384 48 -256 48 0
w -256 96 -144 96 0
w -256 192 -256 96 0
w -304 192 -256 192 0
w -240 160 -128 160 0
w -240 224 -240 160 0
w -240 224 -128 224 0
w -240 336 -240 224 0
w -304 336 -240 336 0
w -224 288 -128 288 0
w -224 464 -224 288 0
w -304 464 -224 464 0
w -368 128 -384 128 0
w -368 176 -368 128 0
w -336 176 -368 176 0
w -368 224 -384 224 0
w -368 208 -368 224 0
w -336 208 -368 208 0
w -368 480 -336 480 0
w -368 496 -368 480 0
w -384 496 -368 496 0
w -368 432 -384 432 0
w -368 448 -368 432 0
w -336 448 -368 448 0
w -656 -64 -656 -144 0
w -656 32 -656 -64 0
w -656 112 -656 32 0
w -656 208 -656 112 0
w -656 304 -656 208 0
w -656 368 -656 304 0
w -656 432 -656 368 0
w -656 496 -656 432 0
w -416 496 -656 496 0
w -416 432 -656 432 0
w -416 368 -656 368 0
w -416 304 -656 304 0
w -416 208 -656 208 0
w -416 112 -656 112 0
w -416 32 -656 32 0
w -416 -64 -656 -64 0
L -656 -144 -704 -144 0 0 false 5 0
w -416 -144 -656 -144 0
w -128 -144 -128 -96 0
w -384 -144 -128 -144 0
w 0 -192 -432 -192 0
w 0 -176 0 -192 0
w 32 32 32 -224 0
w 48 576 -544 576 0
w 32 560 -528 560 0
w 16 544 -512 544 0
w 0 528 -496 528 0
w -368 368 -384 368 0
w -368 352 -368 368 0
w -336 352 -368 352 0
w -368 320 -336 320 0
w -368 304 -368 320 0
w -384 304 -368 304 0
152 -336 336 -304 336 0 2 0 5
152 -336 464 -304 464 0 2 0 5
w 48 -240 -480 -240 0
w 32 -224 -464 -224 0
w 48 -96 48 -240 0
w 16 -208 -448 -208 0
150 -416 432 -384 432 0 3 0 5
150 -416 496 -384 496 0 3 0 5
150 -416 368 -384 368 0 3 0 5
150 -416 304 -384 304 0 3 0 5
150 -416 224 -384 224 0 4 0 5
150 -416 128 -384 128 0 4 0 5
150 -416 48 -384 48 0 4 0 5
150 -416 -48 -384 -48 0 4 0 5
152 -336 192 -304 192 0 2 0 5
150 -416 -144 -384 -144 0 5 0 5
w 48 -32 48 576 0
w -32 -32 48 -32 0
w 32 96 32 560 0
w -32 96 32 96 0
w 16 224 16 544 0
w -32 224 16 224 0
w 0 352 0 528 0
w -32 352 0 352 0
w -32 -96 48 -96 0
w -32 32 32 32 0
w 16 160 16 -208 0
w -32 160 16 160 0
w 0 288 0 -176 0
w -32 288 0 288 0
L -192 352 -192 400 0 0 false 5 0
w -192 352 -128 352 0
w -192 256 -192 352 0
w -32 192 -16 192 0
w -16 256 -16 192 0
w -192 256 -16 256 0
w -192 128 -192 256 0
w -16 64 -32 64 0
w -16 128 -16 64 0
w -192 128 -16 128 0
w -192 0 -192 128 0
w -16 0 -192 0 0
w -160 -64 -128 -64 0
w -160 64 -160 -64 0
w -160 64 -128 64 0
w -160 192 -160 64 0
w -160 192 -128 192 0
w -160 320 -160 192 0
w -160 320 -128 320 0
w -160 384 -160 320 0
w -16 -64 -16 0 0
w -32 -64 -16 -64 0
R -160 384 -160 432 1 2 100 2.5 2.5 0 0.5
155 -128 288 -48 288 2 0
156 -128 160 -32 160 6 0
156 -128 32 -112 32 6 0
156 -128 -96 -80 -96 6 0
w 144 16 208 16 0
